0 0.373128 0.152500 0.042523 0.184908
0 0.418666 0.139678 0.040302 0.188958
0 0.466267 0.147776 0.042841 0.183559
0 0.506093 0.072538 0.039350 0.145076
0 0.530052 0.273972 0.044745 0.179510
0 0.601929 0.369396 0.045697 0.183559
0 0.617479 0.193261 0.042523 0.166013
0 0.649213 0.314733 0.043158 0.182209
0 0.682851 0.185837 0.043793 0.183559
0 0.725850 0.098107 0.042206 0.183559
0 0.785161 0.250758 0.041254 0.179510
0 0.852279 0.359408 0.046649 0.175461
0 0.901625 0.308120 0.046332 0.180859
0 0.893057 0.118487 0.040619 0.174111
0 0.934152 0.110389 0.042841 0.176810