0 0.211564 0.121870 0.157423 0.243740
0 0.462198 0.127713 0.161566 0.255426
0 0.912199 0.157763 0.172958 0.272120
0 0.736134 0.284641 0.177101 0.282137
0 0.919967 0.428214 0.157423 0.262104
0 0.779633 0.594324 0.164673 0.287145
0 0.332738 0.271285 0.155352 0.262104
0 0.124567 0.398998 0.155352 0.253756
0 0.078337 0.726210 0.156673 0.257095
0 0.268526 0.639399 0.163637 0.257095
0 0.421289 0.582638 0.160530 0.257095
0 0.560069 0.450751 0.168815 0.270451
0 0.660530 0.792988 0.162601 0.257095
0 0.503625 0.868948 0.155352 0.245409